26563128
26467811
26618099
26650448
26663950
26656232
26549782
26553976
26670362
26504170
26592654
26666763
26432165
26664784
26676792
26663344
26552419
26368308
26545955
26527893
26662304
26677205
26558264
26637299
26586118
26662798
26657485
26530297
26577420
26653982
26572803
26571291
26664327
26468226
26662178
26580155
26674120
26503042
26510686
26660147
26672655
26577210
26582061
26590149
26658419
26554011
26553136
26602803
26659848
26485756
26599234
26469702
26602346
26613680
26462775
26657466
26551559
26537294
26675548
26522270
26530384
26536870
26520200
26553248
26559821
26492578
26549855
26509248
26371186
26646956
26645001
26593686
26557879
26479765
26494254
26560227
26488839
26463123
26648837
26637282
26645008
26615784
26461392
26590813
26525999
26671626
26545955
26666268
26523542
26575363
26517685
26669313
26556829
26453379
26546619
26544804
26574898
26602911
26644264
26645718
26517670
26641009
26457477
26598021
26528695
26576347
26459777
26637197
26672897
26448644
26625832
26675346
26457828
26616728
26491758
26664463
26619098
26586665
26577701
26674657
26409660
26648449
26574936
26677210
26677030
26564480
26379669
26662471
26498247
26666765
26563365
26510790
26657054
26450076
26543504
26588428
26497905
26676416
26655197
26604144
26499755
26646914
26673990
26652717
26531606
26438524
26662454
26565653
26657901
26575411
26589083
26659117
26657322
26573693
26536102
26577449
26560360
26675522
26671626
26517984
26675239
26590725
26542351
26393506
26673753
26437932
26643130
26628864
26607784
26658076
26677438
26648736
26400044
26662885
26538462
26564481
26617675
26645395
26456943
26583625
26620301
26544533
26578512
26479344
26500651
26502776
26631592
26454100
26580161